200
135 175
135 142
135 66
135 189
175 81
175 177
175 121
34 138
34 133
34 126
34 19
138 147
138 146
138 182
116 198
116 0
116 85
116 88
198 163
198 197
198 129
17 85
17 8
17 171
17 128
85 31
85 144
120 168
120 61
120 110
120 42
168 64
168 172
168 176
128 190
128 140
128 61
190 109
190 44
190 9
129 164
129 181
129 108
164 177
164 195
164 149
38 153
38 188
38 27
38 8
153 162
153 151
153 132
26 160
26 188
26 169
26 22
160 197
160 46
160 41
98 176
98 80
98 41
98 12
176 21
176 104
2 50
2 3
2 115
2 112
50 13
50 145
50 69
91 146
91 62
91 178
91 35
146 111
146 148
95 107
95 75
95 16
95 39
107 158
107 20
107 179
21 30
21 94
21 102
87 130
87 147
87 55
87 123
130 0
130 180
130 97
36 57
36 149
36 93
36 78
57 102
57 83
57 82
1 90
1 84
1 154
1 28
90 161
90 24
90 3
140 157
140 70
140 184
133 137
133 58
133 167
25 173
25 157
25 166
25 68
173 170
173 92
173 76
43 199
43 77
43 52
43 46
199 94
199 113
199 70
59 162
59 174
59 122
59 42
162 145
162 114
161 191
161 44
161 112
191 118
191 122
191 171
14 28
14 37
14 96
14 63
28 136
28 10
0 74
0 110
52 131
52 9
52 157
131 167
131 89
131 132
37 125
37 8
37 166
143 178
143 32
143 45
143 7
178 119
178 117
9 53
9 66
53 121
53 19
53 194
102 49
102 79
109 158
109 142
109 31
158 51
158 192
35 181
35 185
35 100
181 170
181 189
40 58
40 76
40 197
40 195
58 4
58 150
15 123
15 56
15 82
15 165
123 152
123 103
62 127
62 3
62 6
48 156
48 113
48 13
48 27
156 180
156 115
156 134
112 159
112 78
159 172
159 11
159 179
31 192
31 125
100 194
100 114
100 144
194 106
194 110
12 81
12 99
12 4
81 137
81 92
142 151
142 169
99 72
99 29
99 51
77 18
77 186
77 45
65 101
65 69
65 141
65 154
101 68
101 30
101 60
10 174
10 30
10 83
174 73
174 172
66 41
66 33
49 79
49 16
49 171
185 33
185 93
185 20
80 24
80 137
80 44
67 165
67 188
67 117
67 93
165 119
165 63
30 118
18 132
18 6
18 39
132 75
8 106
106 104
106 105
167 7
167 183
13 6
13 89
72 56
72 83
72 33
75 148
75 184
69 139
69 78
84 33
84 56
84 170
39 187
39 193
187 42
187 27
187 44
83 60
79 92
79 51
192 7
192 124
68 22
68 94
180 22
180 134
6 46
46 11
88 183
88 11
88 149
183 139
183 148
3 55
11 186
41 74
4 154
4 170
42 179
179 125
177 108
177 163
115 152
115 29
195 151
195 122
32 114
32 127
32 7
149 197
118 189
118 188
136 86
136 141
136 196
119 24
119 86
74 134
74 47
54 63
54 148
54 166
54 113
63 151
20 61
20 193
61 97
186 96
186 122
56 196
166 193
137 182
182 64
182 71
147 103
147 82
144 97
144 76
82 189
89 114
89 16
86 73
86 145
96 169
96 23
60 105
60 127
150 51
150 111
150 78
141 193
141 55
16 47
73 121
73 139
92 94
154 157
71 97
71 45
71 22
113 19
163 124
163 171
105 47
105 23
152 126
152 117
45 155
134 124
111 117
111 64
169 70
145 64
103 5
103 104
24 70
93 127
196 108
196 27
29 108
29 55
125 155
124 139
155 5
155 126
126 23
76 47
104 5
23 5
172 19
110 184
121 184