61
1 2
1 3
1 4
1 5
1 6
1 7
1 8
1 9
1 10
1 0
2 3
2 4
2 5
2 6
2 7
2 8
2 9
2 10
3 4
3 5
3 6
3 7
3 8
3 9
3 10
4 5
4 6
4 7
4 8
4 9
4 10
5 6
5 7
5 8
5 9
5 10
6 7
6 8
6 9
6 10
7 8
7 9
7 10
8 9
8 10
9 10
11 12
11 13
11 14
11 15
11 16
11 17
11 18
11 19
11 20
11 0
12 13
12 14
12 15
12 16
12 17
12 18
12 19
12 20
13 14
13 15
13 16
13 17
13 18
13 19
13 20
14 15
14 16
14 17
14 18
14 19
14 20
15 16
15 17
15 18
15 19
15 20
16 17
16 18
16 19
16 20
17 18
17 19
17 20
18 19
18 20
19 20
21 22
21 23
21 24
21 25
21 26
21 27
21 28
21 29
21 30
21 0
22 23
22 24
22 25
22 26
22 27
22 28
22 29
22 30
23 24
23 25
23 26
23 27
23 28
23 29
23 30
24 25
24 26
24 27
24 28
24 29
24 30
25 26
25 27
25 28
25 29
25 30
26 27
26 28
26 29
26 30
27 28
27 29
27 30
28 29
28 30
29 30
31 32
31 33
31 34
31 35
31 36
31 37
31 38
31 39
31 40
31 0
32 33
32 34
32 35
32 36
32 37
32 38
32 39
32 40
33 34
33 35
33 36
33 37
33 38
33 39
33 40
34 35
34 36
34 37
34 38
34 39
34 40
35 36
35 37
35 38
35 39
35 40
36 37
36 38
36 39
36 40
37 38
37 39
37 40
38 39
38 40
39 40
41 42
41 43
41 44
41 45
41 46
41 47
41 48
41 49
41 50
41 0
42 43
42 44
42 45
42 46
42 47
42 48
42 49
42 50
43 44
43 45
43 46
43 47
43 48
43 49
43 50
44 45
44 46
44 47
44 48
44 49
44 50
45 46
45 47
45 48
45 49
45 50
46 47
46 48
46 49
46 50
47 48
47 49
47 50
48 49
48 50
49 50
51 52
51 53
51 54
51 55
51 56
51 57
51 58
51 59
51 60
51 0
52 53
52 54
52 55
52 56
52 57
52 58
52 59
52 60
53 54
53 55
53 56
53 57
53 58
53 59
53 60
54 55
54 56
54 57
54 58
54 59
54 60
55 56
55 57
55 58
55 59
55 60
56 57
56 58
56 59
56 60
57 58
57 59
57 60
58 59
58 60
59 60