200
0 152
0 105
0 141
0 15
0 149
1 116
1 106
1 11
1 114
1 123
2 41
2 48
2 131
2 4
2 64
3 102
3 78
3 165
3 123
3 62
4 62
4 186
4 162
4 157
5 55
5 68
5 166
5 110
5 97
6 178
6 173
6 159
6 170
6 132
7 124
7 118
7 179
7 125
7 82
8 98
8 120
8 88
8 97
8 23
9 145
9 163
9 113
9 186
9 100
10 151
10 191
10 38
10 47
10 96
11 171
11 113
11 94
11 33
12 141
12 145
12 87
12 180
12 129
13 41
13 68
13 105
13 108
13 116
14 121
14 185
14 147
14 118
14 178
15 30
15 116
15 79
15 180
16 195
16 50
16 22
16 138
16 77
17 188
17 136
17 122
17 144
17 82
18 109
18 127
18 89
18 83
18 69
19 142
19 72
19 75
19 196
19 52
20 47
20 149
20 134
20 73
20 118
21 59
21 61
21 154
21 139
21 70
22 185
22 95
22 56
22 150
23 118
23 46
23 40
23 133
24 46
24 50
24 175
24 152
24 160
25 47
25 102
25 106
25 51
25 192
26 104
26 84
26 131
26 129
26 143
27 93
27 97
27 168
27 186
27 112
28 57
28 120
28 128
28 137
28 91
29 63
29 52
29 150
29 65
29 74
30 127
30 169
30 178
30 38
31 34
31 164
31 154
31 40
31 155
32 190
32 176
32 90
32 150
32 88
33 144
33 170
33 90
33 183
34 77
34 52
34 164
34 54
35 193
35 110
35 119
35 80
35 182
36 153
36 130
36 46
36 58
36 105
37 128
37 99
37 179
37 102
37 49
38 121
38 96
38 113
39 144
39 131
39 142
39 169
39 155
40 91
40 108
40 163
41 69
41 138
41 71
42 76
42 48
42 52
42 136
42 175
43 73
43 155
43 173
43 172
43 167
44 186
44 55
44 157
44 175
44 95
45 174
45 126
45 190
45 185
45 161
46 69
46 84
47 101
47 117
48 182
48 145
48 111
49 74
49 123
49 109
49 53
50 91
50 88
50 189
51 100
51 71
51 163
51 176
52 172
53 100
53 171
53 54
53 161
54 87
54 117
54 93
55 134
55 198
55 128
56 124
56 67
56 144
56 97
57 74
57 180
57 146
57 76
58 80
58 164
58 140
58 179
59 143
59 137
59 86
59 153
60 97
60 77
60 160
60 84
60 79
61 182
61 117
61 107
61 83
62 83
62 130
62 93
63 135
63 190
63 71
63 174
64 123
64 65
64 172
64 96
65 183
65 133
65 79
66 103
66 197
66 182
66 153
66 184
67 175
67 160
67 122
67 117
68 94
68 183
68 154
69 74
69 180
70 128
70 174
70 187
70 102
71 150
71 86
72 80
72 75
72 111
72 81
73 155
73 80
73 167
74 139
75 124
75 192
75 173
76 146
76 118
76 158
77 190
77 184
78 157
78 115
78 92
78 194
79 176
79 168
80 193
81 156
81 104
81 181
81 143
82 177
82 167
82 173
83 158
83 148
84 187
84 181
85 107
85 106
85 166
85 99
85 94
86 170
86 110
86 185
87 101
87 133
87 187
88 196
88 163
89 193
89 109
89 187
89 172
90 140
90 188
90 195
91 132
91 134
92 162
92 161
92 95
92 98
93 139
93 106
94 114
94 162
95 184
95 122
96 196
96 114
98 167
98 106
98 188
99 110
99 165
99 141
100 141
100 177
101 121
101 131
101 197
102 115
103 189
103 166
103 179
103 147
104 120
104 184
104 137
105 189
105 119
107 180
107 166
107 147
108 114
108 126
108 125
109 140
109 130
110 136
111 127
111 195
111 157
112 189
112 161
112 132
112 126
113 147
113 195
114 155
115 192
115 142
115 119
116 195
116 140
117 171
119 135
119 124
120 177
120 122
121 136
121 145
122 141
123 154
124 145
125 148
125 183
125 140
126 165
126 146
127 132
127 158
128 165
129 136
129 138
129 183
130 199
130 156
131 169
132 181
133 161
133 165
134 192
134 170
135 170
135 163
135 199
137 168
137 146
138 199
138 156
139 194
139 160
142 143
142 166
143 168
144 159
146 153
147 153
148 191
148 152
148 194
149 187
149 191
149 190
150 197
151 159
151 158
151 198
151 192
152 198
152 162
154 188
156 157
156 169
158 199
159 172
159 193
160 198
162 177
164 177
164 176
167 171
168 198
169 185
171 194
173 174
174 178
175 191
176 178
179 196
181 199
181 194
182 197
184 189
186 197
188 196
191 193