200
0 108
0 9
0 55
0 167
0 175
1 90
1 178
1 187
1 58
1 39
2 22
2 137
2 132
2 150
2 154
3 177
3 134
3 195
3 45
3 187
4 179
4 164
4 199
4 13
4 8
5 198
5 8
5 160
5 146
5 178
6 31
6 152
6 146
6 103
6 62
7 124
7 188
7 62
7 23
7 157
8 133
8 183
8 140
9 67
9 111
9 158
9 198
10 103
10 53
10 167
10 82
10 185
11 65
11 40
11 119
11 113
11 178
12 85
12 53
12 24
12 60
12 73
13 109
13 118
13 134
13 102
14 177
14 139
14 107
14 160
14 20
15 95
15 81
15 186
15 154
15 26
16 79
16 128
16 114
16 179
16 48
17 139
17 97
17 92
17 176
17 147
18 191
18 154
18 122
18 117
18 185
19 54
19 63
19 77
19 113
19 52
20 131
20 139
20 50
20 128
21 190
21 162
21 48
21 74
21 92
22 195
22 137
22 117
22 43
23 100
23 99
23 28
23 198
24 69
24 54
24 132
24 34
25 130
25 46
25 36
25 31
25 114
26 66
26 47
26 153
26 98
27 31
27 40
27 53
27 95
27 167
28 196
28 121
28 114
28 91
29 41
29 161
29 138
29 141
29 115
30 181
30 129
30 197
30 174
30 144
31 37
31 93
32 170
32 44
32 178
32 43
32 37
33 150
33 130
33 92
33 59
33 123
34 160
34 114
34 56
34 149
35 106
35 55
35 105
35 75
35 42
36 112
36 78
36 114
36 85
37 156
37 52
37 172
38 101
38 104
38 58
38 183
38 173
39 99
39 126
39 135
39 121
40 50
40 141
40 73
41 42
41 163
41 63
41 49
42 164
42 108
42 68
43 82
43 138
43 127
44 65
44 185
44 146
44 94
45 118
45 67
45 87
45 73
46 88
46 78
46 171
46 72
47 187
47 70
47 124
47 197
48 166
48 174
48 141
49 135
49 130
49 98
49 119
50 100
50 125
50 148
51 66
51 187
51 153
51 143
51 88
52 112
52 53
52 191
53 131
54 79
54 142
54 75
55 56
55 181
55 110
56 72
56 182
56 79
57 130
57 111
57 190
57 157
57 61
58 149
58 194
58 127
59 64
59 82
59 193
59 65
60 153
60 120
60 166
60 113
61 191
61 101
61 157
61 143
62 146
62 85
62 145
63 173
63 153
63 192
64 67
64 192
64 121
64 120
65 150
65 181
66 148
66 123
66 94
67 143
67 148
68 129
68 175
68 136
68 168
69 90
69 157
69 169
69 100
70 151
70 72
70 80
70 125
71 83
71 82
71 157
71 174
71 141
72 171
72 147
73 139
73 106
74 160
74 128
74 113
74 81
75 94
75 98
75 176
76 107
76 115
76 146
76 123
76 136
77 94
77 101
77 165
77 127
78 164
78 191
78 111
79 115
79 180
80 164
80 182
80 194
80 118
81 156
81 168
81 177
82 193
83 104
83 163
83 126
83 110
84 124
84 138
84 132
84 197
84 144
85 152
85 89
86 156
86 160
86 187
86 140
86 124
87 194
87 151
87 136
87 90
88 172
88 167
88 116
89 171
89 155
89 122
89 103
90 126
90 165
91 107
91 156
91 133
91 142
92 143
92 126
93 182
93 154
93 170
93 136
94 181
95 107
95 189
95 192
96 99
96 159
96 186
96 151
96 132
97 184
97 118
97 181
97 129
98 105
98 193
99 116
99 133
100 195
100 176
101 106
101 164
102 109
102 168
102 138
102 110
103 159
103 135
104 116
104 165
104 119
105 166
105 137
105 182
106 129
106 190
107 122
108 189
108 147
108 109
109 144
109 127
110 179
110 197
111 192
111 116
112 119
112 151
112 197
113 123
115 140
115 169
116 151
117 120
117 152
117 196
118 158
119 161
120 193
120 133
121 127
121 175
122 199
122 143
123 199
124 126
125 185
125 196
125 176
128 135
128 199
129 170
130 142
131 153
131 142
131 155
132 165
133 134
134 163
134 195
135 140
136 169
137 159
137 155
138 145
139 173
140 145
141 144
142 158
144 148
145 171
145 150
147 176
147 170
148 189
149 161
149 169
149 159
150 162
152 168
152 172
154 184
155 174
155 169
156 173
158 189
158 175
159 180
161 186
161 184
162 183
162 171
162 198
163 188
163 195
165 180
166 190
166 168
167 196
170 196
172 190
172 174
173 189
175 178
177 179
177 183
179 186
180 199
180 194
182 188
183 194
184 198
184 193
185 188
186 191
188 192