232
0 1
0 32
0 66
0 103
0 143
0 186
1 2
1 5
1 8
1 11
1 14
1 17
1 20
1 23
1 26
1 29
2 3
2 4
3 4
5 6
5 7
6 7
8 9
8 10
9 10
11 12
11 13
12 13
14 15
14 16
15 16
17 18
17 19
18 19
20 21
20 22
21 22
23 24
23 25
24 25
26 27
26 28
27 28
29 30
29 31
30 31
32 33
32 36
32 39
32 42
32 45
32 48
32 51
32 54
32 57
32 60
32 63
33 34
33 35
34 35
36 37
36 38
37 38
39 40
39 41
40 41
42 43
42 44
43 44
45 46
45 47
46 47
48 49
48 50
49 50
51 52
51 53
52 53
54 55
54 56
55 56
57 58
57 59
58 59
60 61
60 62
61 62
63 64
63 65
64 65
66 67
66 70
66 73
66 76
66 79
66 82
66 85
66 88
66 91
66 94
66 97
66 100
67 68
67 69
68 69
70 71
70 72
71 72
73 74
73 75
74 75
76 77
76 78
77 78
79 80
79 81
80 81
82 83
82 84
83 84
85 86
85 87
86 87
88 89
88 90
89 90
91 92
91 93
92 93
94 95
94 96
95 96
97 98
97 99
98 99
100 101
100 102
101 102
103 104
103 107
103 110
103 113
103 116
103 119
103 122
103 125
103 128
103 131
103 134
103 137
103 140
104 105
104 106
105 106
107 108
107 109
108 109
110 111
110 112
111 112
113 114
113 115
114 115
116 117
116 118
117 118
119 120
119 121
120 121
122 123
122 124
123 124
125 126
125 127
126 127
128 129
128 130
129 130
131 132
131 133
132 133
134 135
134 136
135 136
137 138
137 139
138 139
140 141
140 142
141 142
143 144
143 147
143 150
143 153
143 156
143 159
143 162
143 165
143 168
143 171
143 174
143 177
143 180
143 183
144 145
144 146
145 146
147 148
147 149
148 149
150 151
150 152
151 152
153 154
153 155
154 155
156 157
156 158
157 158
159 160
159 161
160 161
162 163
162 164
163 164
165 166
165 167
166 167
168 169
168 170
169 170
171 172
171 173
172 173
174 175
174 176
175 176
177 178
177 179
178 179
180 181
180 182
181 182
183 184
183 185
184 185
186 187
186 190
186 193
186 196
186 199
186 202
186 205
186 208
186 211
186 214
186 217
186 220
186 223
186 226
186 229
187 188
187 189
188 189
190 191
190 192
191 192
193 194
193 195
194 195
196 197
196 198
197 198
199 200
199 201
200 201
202 203
202 204
203 204
205 206
205 207
206 207
208 209
208 210
209 210
211 212
211 213
212 213
214 215
214 216
215 216
217 218
217 219
218 219
220 221
220 222
221 222
223 224
223 225
224 225
226 227
226 228
227 228
229 230
229 231
230 231